5046 55887 53109
6768 403 16
3166 2628 198
1264 1472 224
652 2310 716
395 2722 771
222 2980 555
148 1651 1432
106 2364 1162
43 1518 379
19 1189 804
37 809 976
37 1194 1511
24 657 1575
26 474 885
19 385 883
28 957 616
23 617 453
58 267 906
25 264 595
36 965 459
64 302 601
42 211 753
34 445 392
62 749 491
39 461 730
27 217 484
43 518 459
72 629 424
36 304 689
36 279 492
79 524 309
45 582 367
41 351 422
79 348 351
100 554 241
69 516 321
96 298 278
133 445 223
66 476 161
127 531 372
101 424 151
159 475 241
127 487 162
125 353 353
175 465 126
131 460 134
123 434 306
94 491 298
165 449 130
137 494 139
103 423 267
96 382 141
223 480 71
126 488 220
121 555 206
182 482 77
146 447 95
134 454 180
131 616 166
140 463 43
162 478 59
104 568 112
196 452 99
156 591 41
132 470 34
134 569 201
136 454 94
184 437 17
195 481 139
114 529 100
166 511 32
174 559 36
164 459 84
117 450 94
208 453 10
196 589 131
135 587 116
162 620 177
192 541 16
186 595 133
178 582 106
213 563 82
148 534 27
241 602 164
223 520 124
269 578 53
283 650 52
333 617 100
331 589 84
355 511 24
416 612 53
410 551 224
538 584 80
448 682 39
567 605 90
531 591 153
546 643 76
570 592 118
622 652 54
743 631 229
614 522 28
736 676 6
586 552 116
791 637 135
741 591 28
664 602 65
742 585 214
742 620 75
786 539 29
819 676 82
677 593 219
787 693 47
763 450 37
757 808 117
692 587 135
844 721 55
688 621 86
667 731 208
821 608 142
834 994 60
666 514 125
1045 965 156
769 503 55
666 1095 85
960 647 140
863 1068 135
672 655 142
1189 1164 100
810 502 87
1005 1271 183
787 586 123
1498 1268 79
633 573 151
1150 1185 177
764 499 39
1390 1261 84
801 568 162
1596 1037 141
887 506 89
1434 1112 197
942 465 91
1425 1123 145
892 446 112
1458 1138 162
1002 364 167
1714 1092 177
979 371 216
1472 1026 120
1077 281 253
1814 995 175
938 271 209
1997 908 302
1092 254 203
2311 772 373
1115 188 344
2429 501 430
1461 178 432
2726 399 565
1282 178 537
2946 217 525
1214 195 687
3072 191 715
1356 187 705
3142 131 983
1328 153 876
3469 201 1014
1130 181 869
3170 141 923
1458 98 1148
3207 72 976
1027 155 1039
3020 192 1225
755 128 1079
2778 89 1076
637 123 1158
2642 206 1049
780 133 1058
2505 85 1089
679 38 1169
2458 56 1009
716 218 1005
2415 325 1036
340 364 1126
2412 400 1271
439 354 1372
2287 412 1304
308 355 1342
2162 370 1469
292 365 1488
2089 381 1404
398 364 1238
1813 320 1624
427 327 1229
1664 287 1549
355 255 1164
1528 257 1746
341 212 1247
1448 251 1688
213 212 985
1365 168 1750
144 223 1032
1231 220 1695
168 212 923
1152 178 1686
183 209 840
965 198 1782
201 244 779
987 239 1578
122 301 645
815 246 1707
138 252 593
824 289 1479
122 211 529
748 172 1518
113 151 495
662 164 1500
73 159 425
668 120 1508
94 142 335
690 153 1545
52 133 330
562 111 1543
58 82 349
613 129 1577
61 85 343
564 107 1451
62 101 388
488 145 1521
72 141 281
460 162 1328
49 194 213
426 134 1197
91 203 173
421 103 969
72 87 106
385 60 802
38 48 91
338 21 565
57 19 88
273 20 447
61 14 61
257 23 338
47 14 45
178 14 201
24 10 32
144 12 140
39 13 38
139 10 118
19 12 32
108 16 76
33 16 14
82 11 50
53 18 28
100 39 55
47965 47736 47799
