0 240 1283
0 195 714
0 212 1082
1 305 1215
0 634 1734
3 1087 1454
9 1593 2016
5 1474 1700
13 969 1769
26 1289 1929
25 1569 1407
27 1544 1478
62 1498 1271
45 1301 1323
65 1222 1220
72 1194 1156
75 1246 1237
149 1253 977
105 1345 1091
138 1137 1012
123 1063 1115
191 907 1052
143 918 1069
180 762 1003
208 843 990
169 895 1020
223 815 940
208 813 963
271 759 930
259 696 954
259 691 947
246 740 909
216 804 1011
275 721 910
219 653 941
262 672 960
169 606 921
225 608 909
194 624 841
272 715 965
260 805 915
262 736 998
374 759 932
281 820 930
434 720 942
421 921 843
464 915 882
548 954 734
580 947 798
797 962 699
685 853 755
912 793 682
812 864 672
1010 852 709
735 882 640
1192 755 669
989 818 661
1066 721 645
1350 630 687
1152 668 577
1116 669 612
1014 732 658
962 700 508
843 670 584
773 646 532
1016 589 614
816 603 462
980 671 606
836 633 455
957 639 541
910 603 474
890 565 485
953 531 507
766 562 473
1043 606 480
857 570 456
943 545 488
859 512 503
852 500 444
891 454 505
756 501 486
865 441 534
662 473 657
775 456 577
759 473 634
747 527 534
772 501 645
682 400 594
841 519 602
709 549 635
783 597 605
786 573 627
781 550 503
916 555 578
768 537 586
873 638 519
786 645 551
978 610 488
857 604 597
887 541 634
964 475 754
863 503 799
934 579 831
758 586 1084
889 673 915
714 676 1178
798 610 1112
752 559 1168
662 488 1165
773 577 1128
612 554 1291
762 541 1101
629 619 1223
666 577 1183
715 658 1165
600 702 1109
781 581 1112
694 810 1071
847 1068 1002
691 1027 1259
920 1051 1248
815 996 1601
970 647 1770
1049 830 2438
933 1092 2840
1098 1050 2884
971 1000 3153
1167 1049 2728
1019 911 2898
1154 828 2705
1149 1157 2306
1020 1253 2461
1177 1193 2133
957 1291 2535
1241 1383 2100
1058 1390 2470
1259 1194 2595
1175 1520 2368
1010 1788 2771
1450 2204 2396
1143 2561 2883
1450 2731 2574
1413 2462 3181
1607 2402 3295
1628 3231 2793
1517 3605 3549
1925 4141 2626
1281 4154 3488
1991 3531 2840
1344 2912 3401
1962 2951 3562
1919 2896 2532
2141 3379 3386
2301 4114 2433
2245 4186 3196
2765 4180 2466
2076 3634 2910
2453 2737 2831
2764 2575 2123
2456 3584 2458
3235 3577 2084
2689 3454 1863
3071 3414 1851
2703 2851 1282
2887 1999 1218
3523 2071 982
2990 2740 581
3992 2741 663
3486 2490 569
4363 2406 536
3586 2080 489
3808 1608 580
3493 1124 601
2867 1366 612
3514 1208 648
2479 926 619
3081 960 699
2514 963 727
2783 941 908
2279 861 993
2610 802 1193
2319 833 1297
2373 1094 1395
2139 1212 1841
2309 1151 1672
2018 1162 2195
2124 1271 1790
1989 1023 1813
1587 1158 1758
1940 1326 1450
1426 1556 1757
1513 1756 1294
1473 1722 1709
1421 1777 1418
1763 1802 1518
1408 1842 1593
1858 1928 1417
1727 1891 1684
1995 2003 1262
1816 1824 1714
1768 1451 1467
2190 1345 1571
1830 1590 1763
2373 1689 1526
2002 1747 2056
2366 1899 1580
2368 1875 2353
2159 1862 2023
2801 1639 2289
2378 2113 2263
2976 2345 1827
2406 2550 1604
2868 2904 1240
2282 2921 1173
2250 2434 957
2279 1881 996
1685 1573 711
1933 1276 931
1504 1001 675
1661 842 854
1159 911 637
1100 888 640
1119 835 597
803 750 458
916 641 478
637 437 302
677 412 267
498 360 147
580 290 198
391 221 97
474 220 153
408 166 105
349 170 149
330 172 98
251 197 118
310 194 118
217 190 94
308 173 140
204 144 89
214 164 121
257 178 75
198 191 92
269 208 70
236 195 74
294 217 61
226 182 79
213 170 68
235 138 40
191 210 69
213 197 58
201 188 54
239 200 72
211 200 44
181 180 71
225 153 50
18842 12674 8744
