0 1921 7251
0 1251 3542
0 1532 4674
1 1695 4125
3 2911 5607
8 4132 4525
11 5168 5234
20 4653 4013
18 2798 3977
24 3715 3568
41 4082 2518
58 3494 2464
80 2672 2087
80 1720 1886
118 1737 1612
117 2159 1708
145 2029 1539
158 1785 1683
125 1413 1671
255 1189 1424
158 1163 1458
260 1413 1265
186 1461 1396
264 1157 1176
212 960 1230
285 1085 1137
292 1137 956
259 1037 1080
336 1114 988
340 967 988
426 816 840
378 867 892
476 978 819
487 988 765
395 908 877
589 893 735
397 819 807
632 699 788
418 776 815
780 838 859
609 856 814
674 740 915
1092 726 838
907 642 809
1272 658 811
1125 739 782
1472 745 832
1469 808 702
1644 753 775
1844 729 687
1756 630 734
2056 602 652
1493 759 696
2268 681 671
1267 653 664
2307 616 673
1299 565 622
1432 540 611
1885 547 612
1362 607 622
1361 631 573
1172 595 582
1172 554 500
1165 514 476
1087 498 447
1153 517 465
1005 538 395
1240 507 470
904 460 401
1259 447 406
871 500 456
1182 464 380
874 501 450
896 472 410
1234 433 444
908 459 436
1048 417 406
978 392 409
914 404 394
873 458 448
689 426 417
906 396 394
638 429 411
750 435 385
594 458 492
745 442 403
629 494 538
680 416 400
692 463 452
624 511 446
709 589 460
701 591 452
719 573 360
850 530 476
838 552 415
806 629 412
693 581 442
965 587 414
814 595 434
963 501 295
919 478 376
888 541 290
949 528 325
751 578 278
897 585 303
772 586 304
935 478 243
668 519 276
793 700 259
741 648 257
750 576 289
783 546 240
661 402 268
812 356 182
599 374 230
667 345 206
558 383 204
596 388 230
542 380 186
513 326 254
661 317 202
533 315 254
663 337 235
504 334 197
573 360 230
554 399 243
513 334 242
660 358 242
490 303 229
666 288 225
595 273 216
602 277 240
523 293 226
528 265 251
529 253 222
471 305 274
626 225 257
458 275 290
571 229 312
502 238 357
467 215 377
473 201 363
444 207 350
437 238 385
366 235 418
487 273 503
371 251 649
462 248 628
421 284 938
450 237 813
433 236 1163
392 237 955
485 258 1357
411 300 1326
497 247 1439
429 248 1352
504 260 1326
412 253 1458
435 286 1274
467 326 1506
406 308 1295
540 309 1468
447 301 1367
551 305 1233
475 342 1327
458 424 1224
508 537 1347
501 829 1180
588 965 1278
528 1324 1235
581 1433 1144
509 1250 1108
679 898 937
624 785 1050
674 1109 945
760 1226 992
761 1218 1150
777 1245 1036
842 1119 1194
783 1050 1294
833 1801 1508
726 2224 1243
799 1969 1069
715 1604 1210
969 1333 912
862 1116 1077
1034 841 1098
972 1526 1144
919 1688 1101
1161 1640 738
1035 1307 1127
1243 1098 862
968 788 1267
1250 780 1427
1093 1383 1161
973 1378 1760
1409 1531 936
1130 1793 2150
1518 1720 1621
1337 1194 2350
1859 1421 2595
1779 1430 2218
1896 996 3062
2195 1457 1706
1788 1767 3172
2259 1885 2363
1625 1659 2772
2064 1732 2814
1854 1601 2461
1842 1979 3016
2309 2812 2100
1622 2828 3037
2373 2714 2577
1823 2636 2960
2056 2356 3138
2498 1540 2253
2412 2496 3227
2840 3115 2135
2392 2849 3379
3082 2785 2476
2347 2780 2605
2456 2298 2474
3047 1566 1510
2411 3008 2170
3187 3240 1417
2630 3163 1894
2971 3443 1346
2536 3324 1643
2613 2109 1433
3234 3206 1062
2551 3954 1573
3483 3938 1158
2694 3324 1710
3280 2949 1775
3161 2332 1920
3392 1350 1964
3219 2026 1543
2789 1802 1892
3385 1540 1255
2188 1739 1593
3418 1914 955
2969 1543 932
3512 1521 627
3278 2053 471
3000 1750 239
3519 1533 321
2168 1708 325
2599 2000 313
1640 2031 371
2109 1792 299
1658 1079 474
1909 1025 391
1861 616 556
1806 469 435
1718 566 665
27730 18337 17191
