241 31 3
32 11 1
23 10 2
37 15 0
25 10 6
50 7 2
48 14 1
32 11 8
50 13 2
44 10 5
66 10 3
102 9 9
240 9 6
1338 11 7
6094 21 12
5895 17 4
2441 16 8
1693 23 5
898 22 10
681 36 10
547 24 7
450 39 10
508 53 12
561 82 22
724 165 14
779 507 21
919 1613 30
1096 6174 18
1194 5786 38
1263 2087 45
1274 1263 51
1368 720 87
1390 537 83
1455 483 272
1496 338 1467
1342 335 6189
1280 375 4726
1220 417 2386
1293 477 1577
1253 489 1095
1243 557 559
1231 588 454
1241 684 389
1292 722 307
1303 803 290
1310 747 341
1340 810 372
1430 821 371
1368 803 355
1419 741 388
1421 746 371
1380 831 452
1338 749 401
1402 757 422
1439 786 426
1343 870 485
1447 902 565
1337 910 609
1429 838 606
1461 830 636
1522 930 663
1459 924 736
1508 854 710
1505 903 742
1645 885 700
1719 842 729
1726 916 671
1772 832 673
1884 876 629
1872 825 720
1910 857 704
1856 857 745
1791 819 678
1748 878 720
1808 870 788
1746 851 691
1715 851 666
1695 799 710
1685 791 700
1588 754 663
1570 779 706
1478 775 680
1491 812 694
1301 812 655
1329 823 634
1247 784 645
1205 795 679
1169 745 652
1195 800 619
1117 804 645
1050 783 665
1007 841 656
1063 864 694
1078 844 675
1051 885 656
972 874 623
1004 936 680
1026 939 597
1005 892 628
959 911 602
1010 969 611
954 929 570
975 914 591
1054 956 574
1041 1013 586
1025 978 585
998 973 618
1062 997 587
1025 1028 591
1044 1051 671
1014 1029 663
1003 1052 606
998 1104 622
988 1153 721
911 1256 647
934 1242 717
955 1291 746
892 1224 787
863 1224 767
877 1241 758
857 1169 757
875 1280 772
836 1240 788
852 1254 691
906 1284 718
827 1317 794
816 1305 792
747 1233 776
794 1215 741
772 1156 764
734 1289 733
723 1229 742
629 1239 740
617 1205 795
610 1164 847
635 1224 823
597 1227 865
606 1244 859
565 1221 905
606 1262 842
541 1196 896
545 1232 882
537 1255 962
516 1359 934
500 1279 908
522 1298 902
493 1325 943
437 1312 947
455 1331 999
489 1370 1007
465 1356 1038
430 1318 995
405 1357 1022
400 1310 999
362 1272 1006
379 1299 1040
348 1317 977
322 1302 1004
357 1266 966
318 1275 1042
288 1215 1089
248 1217 1180
274 1166 1100
232 1099 1146
242 1075 1237
261 1132 1236
249 1058 1206
244 1022 1205
229 1077 1238
256 1000 1176
257 1008 1206
214 1035 1253
195 1017 1139
208 1018 1245
213 940 1154
201 956 1228
186 907 1133
210 851 1090
163 844 1176
139 768 1229
134 807 1184
112 683 1120
109 626 1216
95 570 1284
97 526 1254
85 485 1254
102 462 1415
79 429 1365
83 430 1368
75 397 1421
61 369 1445
75 342 1398
50 356 1448
47 337 1425
49 310 1409
44 296 1362
38 301 1432
49 305 1379
37 282 1348
38 232 1395
48 250 1360
55 256 1453
53 220 1559
61 198 1446
27 192 1452
40 193 1390
36 180 1365
39 158 1269
33 134 1074
43 129 945
51 108 919
51 97 817
45 96 771
46 64 726
49 56 666
52 67 612
65 63 560
49 50 514
48 47 456
63 51 469
59 52 392
68 54 399
54 54 364
56 52 325
76 49 304
52 70 277
61 64 220
58 62 161
60 80 138
76 90 100
70 68 125
68 68 92
66 76 81
79 86 88
83 82 92
80 105 87
84 90 85
64 101 87
93 109 117
93 111 86
88 85 101
92 99 121
92 104 124
91 105 152
94 92 133
111 110 137
102 124 157
115 120 159
166 149 207
191 197 216
236 255 331
343 345 503
571 548 508
572 732 1051
1217 1269 694
44583 44718 45089
