2301 2301 2301
4084 0 0
4320 0 0
3209 4084 4084
1955 0 0
0 0 0
659 2698 2698
492 0 0
448 1622 1622
177 2206 2206
39 0 0
55 1003 1003
142 832 832
0 0 0
55 1123 1123
84 0 0
27 0 0
99 0 0
223 386 386
142 0 0
345 273 273
944 231 231
655 0 0
3097 261 261
1877 0 0
3047 0 0
5010 448 2960
1378 0 1378
2497 0 4927
1230 177 2082
2466 0 1877
3862 0 3383
2595 39 2193
0 0 364
1447 55 291
1411 0 1855
1490 0 2440
4703 50 431
1599 0 237
1647 92 102
3113 0 2749
0 0 2595
3084 29 73
0 26 0
4275 30 124
0 0 74
0 54 0
2829 0 160
2629 27 1474
0 0 0
1347 0 0
1355 0 73
1394 99 1411
0 0 1589
2341 0 0
0 0 0
2655 37 0
2679 0 0
0 36 0
0 0 0
0 0 1518
0 0 0
0 55 0
0 0 1530
1208 51 0
0 0 0
1183 44 0
0 49 1655
0 0 1599
1358 49 0
0 0 0
0 44 0
0 0 1647
0 0 0
0 0 0
1251 0 1682
0 56 0
0 0 0
1347 102 0
0 0 1431
1420 70 0
0 0 0
0 117 0
1113 0 0
0 0 0
0 297 0
1220 0 0
0 134 0
0 0 3084
0 199 0
0 0 0
2484 0 0
0 0 0
0 314 0
0 0 0
0 0 0
0 291 0
0 0 0
0 0 0
0 0 0
2540 364 2817
0 453 1458
0 0 0
0 471 0
1211 0 0
0 577 0
0 0 0
0 719 0
0 0 0
0 877 1494
1248 929 0
0 0 0
0 948 0
0 0 1335
1214 0 0
0 0 0
0 0 0
1205 1905 1342
0 0 0
0 0 0
1254 0 0
1239 1142 0
0 1246 1287
0 0 0
0 1252 0
1386 0 0
0 0 0
0 0 0
0 1187 0
0 0 0
1172 1325 1347
0 1378 1355
1026 1287 0
0 0 0
0 0 0
0 0 1394
1104 1210 0
0 1230 0
0 0 0
0 0 0
0 1287 0
0 0 0
0 1179 0
0 1261 0
0 0 1255
2322 0 0
0 0 0
0 2601 0
0 0 1086
0 0 0
2289 2595 0
0 0 0
0 0 0
0 0 0
0 1447 0
1015 1411 0
0 1490 0
0 0 2655
991 0 0
0 1518 0
0 0 0
0 1530 0
1085 0 0
0 1655 0
2108 1599 0
0 11260 9613
0 10967 11964
0 1751 1751
2287 3437 991
0 951 3174
890 0 2541
0 4843 2554
0 5406 7420
2114 0 2322
943 0 3704
0 0 0
0 5613 2796
1848 2198 2540
985 1458 3412
0 3827 3544
987 3326 3335
0 2540 2444
0 2556 0
2013 1579 1579
0 2535 0
874 0 0
1884 5098 0
10723 2818 1463
5276 1394 0
8349 3213 729
1011 2475 0
1982 1843 730
968 3853 0
1003 2595 1344
1499 2655 0
457 3242 0
808 2391 1884
895 2679 0
0 0 0
1014 1167 1167
0 588 588
1066 0 0
0 0 0
883 2163 0
209 0 2163
0 0 0
206 0 0
178 1003 1003
0 0 0
175 551 551
247 0 0
0 1539 1539
153 0 0
125 0 0
0 1011 1011
370 469 469
0 0 0
0 582 582
357 0 0
387 931 931
0 0 0
274 0 0
0 1457 968
0 0 489
87 514 0
0 1499 514
19 0 1499
39 457 457
7 808 808
0 0 0
19 895 0
0 0 895
0 1014 0
30 0 1014
0 0 0
0 739 739
16 327 0
36 1092 1210
0 384 415
0 422 353
24 153 400
0 495 495
0 744 357
19 274 661
0 106 106
25 39 39
0 26 26
0 30 30
56 16 16
21 36 36
0 24 24
47744 44 44
0 56 56
0 47765 47765
0 0 0
0 0 0
