0 0 0
0 0 0
0 0 0
0 0 0
0 0 0
0 0 0
0 0 0
3 0 0
2 0 0
2 0 1
7 0 3
18 1 8
22 1 19
65 17 52
103 70 95
133 186 181
417 436 349
697 882 899
543 1509 697
1342 2784 1538
2233 3434 2645
1434 3459 2972
2846 3792 3337
3114 3875 3179
2405 4496 3946
2352 5439 2428
3377 7443 4029
3730 6620 6383
2509 5973 6740
5088 5024 6720
5815 5451 6702
3296 4982 5336
5528 5399 3810
5758 6244 5290
4493 5658 6271
4555 6200 7045
5536 5490 6364
5860 6353 7217
3898 6245 5675
5360 7159 5454
6183 6796 6853
5948 7673 8409
4185 8429 8443
6317 7290 7835
6696 8406 8694
4807 7045 6304
6390 6816 5594
7412 5147 4763
6646 4781 5586
4625 3807 4289
6985 3154 4193
6510 2981 4220
4149 2288 3552
5928 2270 3202
5643 1778 2510
3415 1895 2816
3941 1602 2067
3973 1506 1950
2842 1444 1874
2619 1335 1851
2746 1370 1605
2600 1167 1317
1944 1255 1449
2171 1133 1168
1946 1293 1150
1878 1145 1101
1632 1247 1239
1589 1165 1081
1377 1231 1049
1340 1287 1195
1563 1256 998
1199 1275 943
1206 1151 1143
1335 1180 1055
1183 1114 1105
1025 1044 1043
987 945 1086
1106 925 1077
786 908 996
827 831 1144
845 849 1028
711 767 1080
626 824 1060
579 735 1207
686 787 1020
556 598 1069
443 573 1163
544 536 1005
509 483 1059
432 421 1003
414 377 1104
448 338 943
471 375 997
409 366 1011
432 297 960
471 322 853
389 279 861
380 279 926
408 285 810
363 303 821
300 322 829
287 305 776
263 335 748
236 346 710
206 324 693
248 353 692
210 329 686
229 300 766
206 314 796
221 290 684
149 299 746
217 287 798
176 295 710
124 296 765
169 278 781
178 272 715
136 293 681
127 302 685
160 296 654
147 299 612
168 306 670
130 308 585
140 322 546
160 316 583
146 370 582
141 395 536
134 392 585
139 380 502
164 429 498
140 401 489
173 452 509
122 480 503
147 500 485
182 560 489
157 650 496
146 655 500
147 775 509
169 762 548
151 794 495
160 846 492
153 755 506
150 734 442
141 733 419
168 622 419
200 601 406
168 587 388
170 636 399
196 564 414
186 569 361
201 554 375
186 540 383
206 543 394
191 547 426
231 571 455
200 583 404
194 561 394
178 621 445
233 612 437
213 558 444
219 578 443
198 575 388
207 612 329
214 559 362
189 588 404
220 482 437
220 487 441
207 526 445
198 473 373
209 463 398
206 418 458
217 447 455
217 382 435
215 474 431
192 351 470
225 401 379
228 395 392
222 401 410
238 413 395
248 391 359
317 460 344
260 434 443
282 431 358
310 456 360
353 470 370
309 435 396
340 423 342
386 447 374
352 479 396
387 482 365
459 455 354
471 475 317
416 540 485
485 536 368
499 530 400
449 556 456
533 653 400
498 598 425
479 540 422
425 536 480
496 487 368
459 484 340
409 417 374
483 481 443
408 494 338
364 471 324
416 499 308
370 420 347
335 463 209
345 451 426
368 483 252
318 480 175
368 490 277
390 424 246
374 506 369
316 495 271
336 533 335
341 529 306
302 404 283
299 522 393
347 411 244
286 552 385
296 459 229
291 441 311
301 522 271
335 450 341
351 486 416
2613 430 2582
413 542 1459
872 618 356
3667 4384 1622
495 2743 27
2277 1667 43
1444 1469 29
823 1184 17
1919 319 21
1444 115 13
1585 11 10
1875 8 5
2178 1 6
2294 0 6
2541 2 5
2487 0 3
2496 0 1
2868 0 0
2709 0 0
2699 0 0
2486 0 0
1910 0 0
1430 0 0
465 0 0
163 0 0
68 0 0
35 0 0
12 0 0
16 0 0
31 0 0
